1901 515 6
2947 944 8
312 389 8
2081 815 7
3206 913 12
2685 215 10
2430 559 16
3655 69 19
419 100 14
1902 330 13
180 583 8
405 882 5
3424 195 6
2131 628 1
1637 834 6
3740 520 1
1841 302 1
4716 958 10
206 729 2
1759 631 5
4463 811 8
682 568 3
3846 992 10
4752 475 10
2824 464 4
3810 204 16
10 45 11
2122 113 1
2951 319 10
233 430 13
4549 893 5
1448 576 5
230 422 10
3911 526 5
3220 351 10
2716 513 6
83 523 12
2753 646 17
733 949 17
794 534 7
3487 83 1
343 532 9
1767 114 3
2536 26 10
4781 598 13
2842 314 6
4107 750 9
1770 503 7
547 589 17
643 383 3
1521 870 7
1293 213 19
641 333 5
4764 869 11
4765 2 2
2117 196 8
1982 304 18
722 74 14
461 973 3
4149 968 18
3371 490 1
2677 783 14
4867 777 19
172 893 1
3854 658 3
487 127 12
1435 461 16
3132 183 2
4685 996 16
3179 145 16
3057 517 6
4157 546 2
1822 766 19
2821 938 4
2393 144 2
3967 632 1
1738 67 2
4813 551 17
2667 237 14
4494 768 19
2289 825 8
2575 334 15
4348 157 1
1898 330 11
1341 723 7
3794 690 19
1374 781 18
2415 594 10
2613 878 17
2107 646 8
749 824 15
4676 158 9
4024 667 1
922 349 11
3615 424 18
2409 115 8
3783 248 6
2550 842 7
4245 808 17
2162 267 15
501 16 19
75 44 10
1136 68 9
2448 342 19
1599 957 3
1788 718 10
2647 853 18
244 755 13
130 1 13
1598 515 20
1713 16 9
1003 443 13
2804 579 14
2273 28 8
1443 979 6
2037 119 16
1099 766 10
2408 363 5
912 845 6
4224 444 1
2156 509 17
4104 512 1
1317 651 2
4942 31 10
2737 10 7
4774 481 2
2225 600 11
4634 963 16
2808 352 4
3604 613 12
1113 241 8
4626 313 16
2295 965 10
3589 348 19
1326 711 17
2452 192 10
1030 792 1
664 107 8
3914 268 20
37 872 5
1020 986 19
1107 964 12
3643 259 9
2392 200 18
2462 878 9
3918 330 13
3247 360 18
4439 376 5
4238 291 13
1390 680 18
154 53 4
4864 160 8
536 803 19
3876 547 19
2213 9 9
3613 279 11
4206 879 12
295 318 20
4139 909 3
2604 299 16
2941 805 9
2616 670 9
4903 558 5
1153 434 12
3603 0 14
4931 613 5
3941 171 4
1664 466 15
116 958 4
1858 914 15
985 207 20
813 823 2
726 179 11
1879 614 14
1834 966 7
1765 931 12
706 103 7
2371 921 1
2487 231 16
697 145 10
3035 352 10
200 175 11
354 253 3
4356 484 9
50 318 15
1796 83 6
579 142 9
2926 865 3
2506 704 14
4934 753 12
1803 788 16
1624 989 12
67 695 17
4689 52 2
3277 102 12
831 250 8
2316 830 10
3257 108 7
4471 966 11
916 900 4
1507 704 13
2155 328 14
3395 308 15
4436 360 8
2713 462 20
4896 65 19
3565 895 8
3174 355 6
2645 321 16
4913 222 11
1421 278 15
3576 958 8
4554 706 17
960 142 9
4928 208 4
4479 104 9
1697 21 16
2076 195 11
3481 192 12
3968 106 6
938 879 16
2533 807 15
740 713 13
608 673 15
3837 953 15
4880 432 12
4988 481 13
3695 909 9
4405 390 1
4788 358 19
4746 649 18
981 534 5
4527 274 18
3779 235 4
4526 72 17
4480 304 2
4891 644 15
4324 339 5
2304 96 7
1476 884 6
1755 982 7
2264 964 1
229 843 7
4258 623 2
3961 149 6
1970 629 2
1411 873 6
1685 549 17
1221 853 13
2148 681 10
4785 436 12
71 53 8
3243 282 12
3689 892 15
4723 206 16
3828 176 17
3590 939 10
347 976 19
1444 198 4
3988 346 6
1417 483 14
4829 554 7
2908 149 1
2479 838 6
25 561 12
3720 742 8
4684 378 19
31 354 10
2827 904 5
1816 602 2
3233 85 8
4414 991 14
2323 140 7
1154 979 4
1180 892 15
1252 986 14
2001 670 12
1652 54 18
2881 902 18
1049 504 12
635 590 19
1401 933 4
76 74 2
1231 405 5
3763 649 19
15 636 4
3369 658 7
21 712 5
4126 946 7
4283 995 3
4886 982 5
3004 384 19
4168 460 5
2189 43 2
1806 430 5
3066 508 12
4725 474 5
2789 790 11
3735 8 6
2083 83 13
2417 747 9
2801 697 9
4614 73 19
2657 854 5
4464 285 1
2638 703 1
4181 428 8
2097 570 18
2787 657 19
464 740 2
3028 158 9
3597 311 19
2925 731 16
1935 586 20
2751 871 13
389 926 13
2707 791 20
2277 561 19
1934 339 3
27 200 12
4185 160 9
3848 818 6
1774 550 2
61 488 13
2812 711 5
4553 637 10
475 344 13
4846 621 14
2004 908 13
978 935 13
2981 120 14
2229 320 4
3867 446 14
3468 507 14
3140 319 5
177 224 3
3378 51 19
1370 897 13
3276 253 1
2168 232 16
213 147 7
3795 467 10
2662 914 16
2482 773 9
1974 93 6
3503 317 20
1881 721 18
4604 618 2
2880 872 2
1400 456 9
13 21 8
2231 168 8
521 182 14
488 664 7
1268 639 12
3573 494 2
1744 376 3
2422 332 1
2635 564 5
3237 964 13
3217 978 15
345 209 15
292 82 18
505 922 2
4843 191 13
2275 116 8
376 861 16
2198 635 20
1990 270 4
4655 859 8
127 77 18
4973 774 8
2988 66 2
3185 923 5
4398 766 8
393 843 3
769 56 10
2967 691 9
4958 962 12
965 173 11
2444 250 9
2418 24 8
1758 442 9
1295 717 5
693 836 12
648 229 8
4950 999 4
4679 318 16
4167 628 10
3330 945 15
781 390 6
2849 160 2
4448 918 5
1956 213 14
353 258 10
4124 907 20
3091 857 11
2467 537 1
2182 56 10
1563 387 7
4117 168 17
4274 369 17
456 169 15
432 477 20
1125 830 19
655 955 6
766 398 15
876 865 12
3008 399 9
314 447 17
4432 967 13
58 688 2
514 857 8
2298 334 8
4165 445 12
2472 702 18
3870 816 6
4088 820 14
1487 880 16
1802 327 12
2586 646 16
2644 334 17
4511 191 5
1809 525 4
1585 42 1
2016 514 3
4565 737 11
2990 825 11
776 312 3
4331 466 10
714 52 16
4669 49 2
4158 912 13
4721 90 18
2659 484 18
4675 999 12
4241 88 2
3583 913 13
4359 577 7
42 44 17
756 448 4
1778 497 6
936 409 10
1290 483 12
4287 142 17
1724 169 8
4410 415 9
2994 328 13
3705 257 20
3748 301 8
856 102 11
2634 599 8
3570 361 10
4860 196 13
499 690 9
3575 859 16
582 622 3
3831 616 11
3803 673 9
3862 773 2
1630 143 13
4264 95 12
4187 808 13
399 4 6
899 46 14
4474 905 2
57 527 4
3888 495 7
4043 169 7
2906 294 20
307 924 4
2711 541 11
1955 728 11
1087 127 7
1952 378 13
2878 853 18
191 262 6
1306 150 13
552 545 14
1890 451 9
1270 111 13
4145 174 6
3467 129 14
2597 569 14
4083 873 12
4615 103 17
1052 294 19
2369 601 1
534 505 7
3396 349 16
1018 460 1
1515 987 6
4982 116 12
2579 37 17
1662 911 20
2629 14 17
33 661 15
2403 262 16
2937 119 2
4156 867 11
1885 203 13
3400 190 10
4734 658 1
2313 696 9
327 959 9
2956 973 5
634 950 6
248 445 15
2720 838 11
3587 229 3
1825 784 7
1577 974 17
1312 984 9
4977 32 18
305 991 18
4613 317 2
2603 303 12
700 904 10
1734 624 8
1925 563 9
119 388 13
2718 318 7
566 982 4
34 959 16
2203 616 8
3480 230 17
4213 185 20
2897 886 4
1026 620 20
1993 897 4
1542 369 4
4874 439 2
533 5 16
2176 391 16
3203 947 4
222 779 14
1558 993 20
550 890 18
2445 916 10
4965 261 8
3048 803 9
1223 30 8
3365 563 5
1192 91 16
627 646 3
2383 869 3
779 907 8
1329 797 5
3775 65 15
326 553 1
4482 553 4
3512 640 1
3075 84 14
2518 271 13
164 54 16
4385 968 5
165 875 12
1494 672 9
1621 89 3
361 415 8
4853 897 1
569 409 13
4649 836 9
1274 706 20
4879 223 6
866 608 14
4773 468 3
1492 202 10
3581 264 4
2349 231 9
598 103 18
1008 615 20
2196 915 6
2255 134 5
2478 112 12
2086 705 2
1860 526 16
370 237 2
304 853 5
2653 436 6
3251 891 3
611 506 14
4160 773 20
1415 260 16
3893 372 7
2331 429 1
4191 955 8
23 678 18
3745 982 3
3421 987 20
3906 590 3
2121 202 10
2714 714 15
4665 129 15
1501 374 7
439 57 17
3999 249 4
4299 272 14
2836 369 16
1930 791 15
2109 49 6
3532 170 20
1813 237 14
4219 902 15
1534 755 1
1220 195 18
3688 546 19
112 845 4
2033 492 14
3964 283 8
2425 333 5
2309 855 4
474 92 17
4694 347 3
1228 102 3
3800 649 13
2489 196 11
3953 393 14
3427 66 4
3743 701 4
1168 386 8
4830 242 4
1686 411 19
3033 274 19
3488 328 20
2137 280 9
685 731 14
2079 656 4
3722 619 2
1776 322 2
221 951 17
1884 608 4
1296 606 9
3537 316 11
4916 806 4
136 491 7
4309 570 3
3704 428 6
1323 381 14
4997 503 16
219 806 13
3455 414 8
1103 373 16
2025 910 13
2628 178 19
2511 666 2
2829 327 13
3451 31 13
4148 707 15
4704 569 18
1275 375 2
1083 142 9
2186 515 4
564 777 8
4544 307 18
3407 973 20
1236 652 12
4687 683 16
3836 390 10
457 447 11
3074 958 8
1100 255 17
2811 612 5
3698 156 4
1076 563 17
2435 151 9
4838 63 14
26 806 16
1836 605 6
4902 679 4
322 189 16
577 885 3
4740 497 19
3439 653 2
4515 568 10
3302 719 10
2000 909 14
3293 288 12
4600 124 17
2138 26 8
633 348 17
3278 101 4
3018 950 3
2809 955 16
2324 523 6
626 594 15
3978 856 20
3624 144 3
3224 268 19
362 646 7
996 347 15
2577 977 17
2347 146 3
157 454 19
3833 977 16
812 924 2
4790 780 14
3414 924 16
2991 544 15
4705 190 13
701 537 19
4630 866 15
2351 214 14
3225 371 8
2315 556 17
2410 368 13
4384 511 13
117 277 9
1352 268 13
2438 974 16
3402 27 5
3658 711 8
1009 277 1
586 0 20
2902 556 9
80 48 17
1165 65 6
4334 658 17
1308 965 12
1687 161 13
3872 239 7
2501 412 14
3501 143 8
2058 411 12
335 844 1
3123 869 6
188 114 16
4522 124 5
3441 315 3
567 827 19
490 271 11
3634 818 1
4397 29 16
1593 641 19
3814 419 20
2929 714 2
1405 670 17
1199 985 19
4802 824 18
4981 903 4
1310 745 7
2493 731 5
2085 481 7
661 74 20
3711 889 19
1950 170 6
1064 927 16
3712 126 14
1582 928 10
19 262 5
4435 572 11
3121 417 14
4978 503 7
4216 516 2
1095 227 3
4530 952 4
1946 231 11
2010 358 4
3592 638 14
3611 900 10
2825 479 13
1242 465 3
3097 931 19
613 824 6
3193 606 12
4075 910 15
1021 142 18
4383 852 1
2975 490 6
2938 391 16
2337 568 7
1209 810 4
2763 260 16
2181 873 12
4046 418 19
3493 180 17
4322 713 10
2566 224 18
543 163 1
2098 852 9
4837 413 19
1392 176 19
2879 709 5
3191 755 3
109 117 9
3641 906 15
2964 619 17
2490 537 13
4507 81 8
3619 531 20
4947 720 5
2113 592 9
4992 301 13
3183 409 8
4644 526 8
3286 432 14
2602 404 10
92 293 15
952 374 2
923 906 14
871 978 18
3309 91 11
2497 84 12
4662 619 1
4221 264 20
4668 902 4
3221 504 20
1483 948 14
2252 747 19
3176 5 12
4047 984 2
3708 75 4
2557 511 15
3571 131 8
2792 747 19
3812 649 2
3386 505 2
4869 805 15
3898 58 14
4568 234 12
4633 995 14
4693 422 17
2250 286 3
822 769 2
4966 516 20
4517 821 6
3374 354 7
2179 260 5
2913 204 4
4924 736 9
271 589 2
1046 417 5
4332 472 19
3101 413 5
4969 133 16
838 306 13
4212 12 11
2743 272 15
2333 537 12
2508 814 8
2317 85 18
3170 483 7
2626 815 19
2904 268 5
3149 589 18
4876 427 16
3769 991 8
2399 735 12
4666 420 9
137 928 3
2344 245 1
1768 503 1
4394 671 11
2299 291 15
1800 881 4
1676 660 11
445 652 10
2845 739 1
3863 159 10
4000 439 4
2696 685 16
190 805 12
3199 282 5
1850 573 20
3650 806 15
1679 467 6
2124 471 15
1321 562 8
184 73 9
512 711 14
1197 819 16
1354 430 10
4064 133 17
3637 144 8
2796 699 7
615 96 3
3086 942 17
1648 469 13
73 149 10
585 213 15
3135 32 10
4489 462 19
395 526 4
3152 515 9
911 663 20
349 278 8
3263 364 10
2499 364 12
3272 437 1
933 23 6
1827 158 18
999 851 19
1395 377 2
1245 861 11
908 940 12
1187 819 15
903 289 7
3620 932 11
3724 183 13
3730 362 3
1119 562 3
4971 512 10
4588 945 8
2750 206 20
1261 745 20
4387 648 1
1365 268 5
1615 678 9
4150 110 11
1053 170 7
1995 493 19
684 193 5
1139 843 15
2342 987 3
2726 90 6
4092 711 10
707 389 11
4858 499 1
4722 904 3
2307 439 8
2075 911 13
1918 637 10
976 131 19
3703 573 5
2795 636 14
4854 25 4
4712 877 17
787 133 11
1288 385 19
1727 24 20
4936 23 14
3925 712 19
3195 17 6
1120 321 13
2757 546 7
2134 310 20
363 718 19
3497 940 7
1234 118 14
149 628 7
3524 54 13
4374 783 10
1904 782 4
1013 329 10
3147 991 1
4863 61 19
3360 1 17
4594 120 3
3852 621 11
4399 146 5
223 734 18
949 870 19
280 774 2
3715 139 3
3404 638 14
3117 501 15
2287 861 16
2204 807 8
946 12 2
3668 763 20
2986 173 15
3935 43 13
1169 405 3
660 847 7
3299 632 16
2152 478 16
4366 326 20
1173 645 18
3965 948 6
1410 286 12
4076 221 7
369 788 17
3126 422 17
3326 109 8
1958 616 1
1789 411 7
2115 762 12
1112 59 10
1699 377 10
139 596 20
4169 926 18
310 394 4
732 522 2
193 950 1
1810 882 2
573 180 9
2336 651 1
747 660 12
4476 970 1
968 918 20
2473 397 12
2888 130 15
2376 682 6
4610 523 20
790 831 8
4793 251 15
4806 75 4
3128 975 12
46 854 8
1133 12 1
3883 915 9
2341 818 9
4717 852 15
679 375 6
4558 332 16
4162 178 14
237 501 2
1212 792 8
1619 432 11
4271 315 19
3460 680 20
630 369 18
2835 895 9
1210 480 11
3164 577 4
3350 520 17
251 84 9
3550 502 1
2982 285 12
1298 983 4
1978 22 7
3861 594 1
1423 426 3
3544 942 20
4827 637 2
2699 833 13
1783 173 3
3485 944 4
2717 594 7
3112 573 1
1272 412 4
3219 684 8
4645 566 12
588 377 12
225 538 11
4058 302 7
2583 616 13
1069 912 8
138 507 14
4602 432 14
93 704 18
796 923 2
4275 921 20
1299 509 9
3150 86 7
4052 496 1
3079 688 3
500 601 10
638 460 15
241 892 1
3948 797 15
2224 31 3
145 830 2
6 359 4
4777 315 9
4850 406 20
3538 820 1
4130 510 20
2944 103 4
896 789 13
2694 976 17
438 161 8
2551 519 19
2814 611 17
1551 598 20
1570 136 1
3442 276 11
953 227 7
1408 71 4
3429 526 12
4506 316 5
3413 867 4
3384 681 15
1514 777 11
3754 699 7
1142 494 17
3447 722 15
4855 145 10
3405 360 19
4591 864 20
2335 630 7
950 14 20
4176 146 15
1876 120 13
4094 934 7
4589 642 6
1311 836 14
2456 766 11
168 124 15
4759 341 6
3446 323 13
4396 337 4
3572 835 18
3877 63 18
3157 883 9
2746 525 6
409 362 11
4217 480 2
3287 496 18
784 942 1
2748 690 18
2212 614 5
2041 491 8
4639 373 18
2874 753 16
4078 225 15
3261 794 7
2354 532 11
2028 200 18
1820 526 14
3130 738 9
274 131 20
2834 770 5
4597 718 10
28 295 16
3289 90 2
3622 63 17
2002 263 14
4325 84 12
2691 214 2
4319 840 14
4635 987 10
4632 584 9
3612 943 9
385 461 17
359 525 13
2362 140 19
3039 224 2
730 790 4
3983 836 5
9 823 12
939 456 16
2939 541 1
3490 333 1
2303 230 20
4180 114 14
764 733 18
2706 815 9
1029 569 4
3032 40 17
323 848 12
3262 390 4
4497 232 18
2469 535 20
4573 494 10
338 579 7
3044 394 15
425 963 10
3642 428 3
3682 424 18
1531 888 1
4273 431 10
3660 638 13
2119 438 9
1693 932 18
3383 863 17
1427 258 3
1852 573 13
1846 2 15
528 778 12
3411 666 4
2684 450 5
4541 110 15
2582 873 15
4244 658 2
1380 437 12
4842 641 17
2654 487 19
4200 15 18
4804 779 16
2727 815 6
1524 357 9
958 643 11
477 341 2
4487 714 2
2697 504 6
253 510 13
1419 501 16
1208 594 7
4118 75 15
77 70 17
3260 107 14
2953 741 1
2724 716 19
2641 970 2
3832 464 8
3015 195 2
2733 913 13
3160 547 2
4735 453 10
4407 782 1
778 537 17
3495 795 18
2817 268 3
1303 100 20
3290 447 7
2837 741 20
1751 505 12
346 973 7
1799 14 7
2558 797 8
3337 334 4
3184 481 14
1001 750 16
2850 626 7
4650 772 4
2886 600 15
1537 946 20
1097 86 2
3656 883 9
1569 664 10
3197 530 13
4834 355 12
1780 357 4
2915 452 8
802 52 14
3691 998 6
4095 351 8
4103 586 9
4155 92 18
2062 685 14
4417 708 6
2504 93 19
303 895 11
3496 586 1
4761 552 8
3464 931 12
1050 359 12
1557 803 10
4115 444 9
2529 482 3
3298 190 20
2424 46 13
2027 984 7
2965 316 20
3869 95 17
3801 626 7
3310 736 17
1203 760 8
3732 594 2
2030 137 2
4454 183 6
4808 533 6
3144 731 11
2042 92 8
3818 893 7
2997 405 17
85 721 16
3954 20 9
2050 565 10
2856 101 15
4016 634 12
4354 324 12
2446 231 3
4339 469 20
2096 665 17
1170 832 5
4004 139 5
2426 702 17
1634 803 3
650 789 15
3506 508 7
2969 954 10
1251 645 12
3882 741 17
2263 741 3
1267 880 19
2052 327 5
1754 123 19
4557 497 1
4698 651 3
4556 511 1
2525 817 3
3777 814 14
1908 261 19
4171 2 1
4234 839 4
561 595 10
3036 986 19
4026 556 18
2112 401 10
4637 218 4
436 426 14
1684 464 13
2896 255 8
87 98 9
2035 47 6
4021 257 12
3047 813 9
925 709 19
1915 280 2
1681 665 11
3820 143 3
3159 831 9
4360 866 9
3887 785 9
1951 28 4
4228 90 14
1143 370 8
4177 35 18
4636 345 18
961 524 10
4121 355 11
2222 510 19
1109 295 19
4598 826 1
3827 916 6
1322 638 13
1673 541 17
4370 278 9
1490 592 13
639 713 8
4621 546 2
4131 976 4
1779 774 20
1377 952 12
1556 869 18
2507 641 19
4866 255 14
3134 745 6
2278 737 19
3778 710 17
1992 34 14
2118 614 11
3071 857 20
1874 138 12
3516 868 17
3051 735 13
1389 270 13
2740 630 10
481 31 2
516 356 1
1706 291 20
317 935 7
455 86 15
324 123 6
415 349 5
3156 971 17
2818 824 2
3300 207 3
563 494 3
3621 785 2
3939 72 20
746 159 14
1070 282 19
1880 818 18
2851 6 13
4825 16 5
4477 575 20
3153 647 13
4291 340 12
3363 600 10
2220 156 13
2405 557 13
4575 115 16
659 119 8
3855 884 4
529 94 1
3663 868 10
2820 758 2
1114 330 10
2088 319 3
1663 786 18
3245 445 9
4652 825 17
1888 429 3
2875 114 18
2433 777 19
2394 156 19
3409 804 16
4170 742 4
3841 384 19
1627 934 5
1425 602 9
3250 478 18
3031 573 7
906 687 17
3339 817 7
1704 238 15
4509 425 17
1603 700 19
340 638 18
2274 174 3
3228 715 6
2059 792 17
3632 990 16
2319 838 15
3136 204 1
4461 909 11
4195 770 8
804 373 20
4713 229 20
4404 482 9
3119 939 20
1263 75 12
2605 470 3
2729 232 10
3491 780 20
1678 584 6
3917 486 11
2146 817 11
2651 730 14
2590 709 17
3666 320 15
4488 602 19
3397 373 19
1126 606 9
4617 386 20
736 916 9
207 415 18
4369 317 10
99 43 20
808 679 18
1480 625 19
3082 663 16
3054 602 15
1571 152 14
1826 422 8
986 629 3
963 998 13
449 615 5
1257 646 2
2272 831 12
1331 341 10
97 695 13
249 381 12
803 891 2
1784 793 18
365 969 4
332 485 1
1979 239 10
603 70 13
3890 377 5
232 638 2
2927 471 4
3874 910 4
3765 324 8
3559 701 2
276 22 17
1961 508 17
3940 99 18
4543 169 3
4547 378 18
1185 611 18
4446 957 12
3709 773 9
1033 372 20
86 106 17
4460 422 10
4320 931 10
368 984 10
1962 769 9
1340 139 14
1304 788 3
750 745 6
4459 870 14
1844 243 14
3282 349 2
1771 110 16
4702 551 16
2535 776 6
4656 264 19
4937 734 16
1971 484 14
1536 296 4
3750 140 7
3523 775 16
2484 518 20
2594 933 2
4120 96 13
3896 834 1
2188 450 19
4475 421 3
4508 310 11
1412 60 4
3910 935 19
3406 419 17
1025 365 2
4862 674 16
4246 570 10
4638 83 14
3178 885 12
2306 725 3
1616 856 7
1028 479 18
3963 877 16
734 145 1
1451 698 11
2665 372 6
2943 446 3
4378 339 1
263 582 15
3921 308 10
2175 918 8
2364 234 17
959 968 2
1931 772 12
4437 144 20
2701 439 7
1817 557 16
2080 492 3
371 243 9
4367 615 17
4943 574 17
16 858 9
3931 231 12
2449 286 20
2321 619 12
1795 973 4
2166 216 4
1730 390 13
3478 333 19
1349 816 16
2136 276 14
2420 860 5
3790 309 11
1604 301 12
3399 626 15
1195 897 16
4277 287 20
2756 972 18
3303 321 15
1338 810 3
2648 372 5
54 664 8
2708 888 7
114 556 2
4012 243 20
651 962 8
4297 486 9
3459 960 5
3295 913 3
1196 468 16
1843 721 4
3630 96 3
873 607 6
4301 180 5
4951 18 6
3410 978 10
2100 273 15
2514 564 3
1872 865 12
4939 726 18
3569 822 20
4430 377 3
4304 678 15
4101 629 13
3806 392 4
2492 136 15
1358 53 17
692 925 15
4555 992 6
2281 370 7
2104 421 1
2798 55 11
1291 810 3
1449 202 18
4453 643 5
4449 783 6
2210 286 19
4742 271 18
4422 264 19
4251 833 11
2413 287 20
4616 604 9
662 410 4
4419 268 4
220 52 1
3180 391 3
2301 736 5
1723 0 4
2326 834 6
3473 424 9
2078 265 11
2840 100 2
2108 75 2
4256 938 5
3647 152 15
4109 728 12
1045 803 4
482 97 14
4571 90 11
3001 707 13
841 807 15
883 507 15
1491 797 19
4664 411 14
3927 808 17
4257 298 9
4922 872 12
2154 564 12
807 757 12
4466 812 14
957 610 4
2447 912 9
2111 675 2
1039 483 11
1870 15 14
4434 379 20
4998 803 7
4108 386 12
1167 852 5
161 466 16
2608 378 5
1071 53 18
2110 536 8
3692 629 1
2996 105 18
727 684 8
1882 423 16
268 114 15
4472 970 19
2546 945 15
1017 219 20
3127 108 20
479 735 6
2936 84 13
1620 431 16
43 239 16
2510 213 9
4284 773 18
1830 71 4
4572 88 4
2891 567 12
2690 739 1
4521 474 6
3809 558 10
430 342 17
1581 112 8
4146 252 1
3430 377 18
1612 448 13
1184 536 8
104 938 19
2790 992 11
580 477 4
2625 761 16
1737 448 15
2989 968 17
2367 757 10
982 285 5
509 361 1
2800 832 8
590 176 10
3670 329 11
2147 265 5
4772 26 13
2862 826 19
1147 634 3
256 735 11
1238 21 7
1748 734 19
900 918 6
160 776 18
3659 393 14
4784 419 18
3998 597 16
1201 96 3
4214 591 11
1712 691 18
3370 591 16
3434 882 15
4946 10 12
1094 174 15
1123 510 14
4769 573 14
4516 24 8
560 893 10
2503 328 18
562 391 17
3924 35 7
2679 372 1
1205 546 13
2329 408 18
3549 944 8
1474 538 3
990 914 11
3807 651 7
2695 50 13
1283 326 8
2358 11 10
3563 909 14
892 670 4
793 614 11
2267 152 13
4418 794 13
2918 713 7
1966 115 19
3249 793 18
2151 208 1
715 118 7
2959 788 10
3753 754 20
2372 907 4
325 930 8
1728 117 9
3435 945 14
3142 764 1
4703 16 8
406 961 12
511 715 3
2884 974 7
1218 652 17
2065 907 17
3535 875 11
618 310 16
2890 50 20
3270 753 17
2069 926 19
2476 239 11
3952 223 14
870 794 18
718 211 5
2294 746 12
3905 365 2
4812 20 12
4440 594 8
2876 663 6
143 609 7
2776 831 1
2412 309 5
3080 101 16
1161 914 9
3484 128 9
3916 94 14
937 178 20
20 527 10
4851 727 3
401 491 4
3246 650 4
1347 877 17
4125 600 3
2190 81 18
1484 766 14
2543 887 7
2563 414 16
3766 493 10
3985 272 7
4987 875 6
3864 991 12
4342 944 14
4327 715 2
2950 425 3
1364 968 2
2450 883 16
1649 421 8
2169 406 13
935 393 8
1609 931 5
4227 709 4
3554 424 5
1710 726 10
984 90 10
3146 893 5
2073 231 14
4670 255 13
3382 542 18
3253 831 3
2480 540 6
2386 316 2
448 43 11
2784 485 12
930 730 16
4961 781 3
4036 807 7
578 804 1
2226 763 14
1057 378 6
3155 863 7
1037 311 2
4799 96 20
2378 229 19
2239 289 8
2627 96 14
4286 784 9
2841 746 18
410 290 5
423 90 13
1922 853 11
2663 849 16
1222 882 7
4467 440 11
105 224 19
2656 446 2
910 718 4
1552 654 8
1994 686 2
847 449 6
3511 298 13
4766 788 7
0 726 7
3665 475 9
2554 349 14
3273 672 7
2771 940 15
3003 713 4
853 389 2
3579 355 3
2580 322 8
3367 806 3
2715 389 10
2512 142 1
4375 328 18
2440 923 19
1372 794 1
151 726 15
2038 93 13
3104 547 20
2305 894 12
4582 49 19
1972 828 1
2636 60 5
4008 206 17
4932 711 11
3377 615 3
187 71 3
2382 523 19
3316 572 9
3043 896 18
1063 884 10
2127 976 17
4039 306 9
654 41 17
1726 323 7
1455 851 9
3631 585 12
2889 902 16
4570 297 4
4079 360 9
1019 45 8
1801 538 7
460 326 14
4501 302 12
926 27 10
1964 981 20
218 648 2
212 800 16
3012 800 8
927 946 11
1465 333 11
78 523 7
167 827 19
1756 384 4
3089 535 2
738 608 10
2302 408 5
1560 603 4
3839 550 14
3235 956 1
3313 479 7
2531 765 2
2356 963 6
970 701 14
3355 682 16
3594 59 5
2434 961 10
4090 548 6
890 213 18
2427 348 14
4820 661 8
4018 90 3
2143 536 8
498 570 3
519 516 14
3950 914 5
3041 814 3
283 27 20
3772 806 20
1224 178 15
2838 166 18
3726 253 8
3148 458 6
101 73 16
2368 70 9
3182 52 13
3562 851 17
1368 350 2
3995 510 7
4041 40 2
2207 130 9
2813 717 17
3528 301 15
2601 769 3
4671 629 18
2421 231 7
4337 599 9
2631 946 12
4429 869 13
821 631 20
3951 119 5
2021 607 18
549 909 13
4502 30 7
526 659 16
4601 433 7
122 618 9
3786 531 5
3417 623 8
328 495 18
4729 732 19
1847 258 19
3283 211 12
301 91 14
2919 600 20
2974 835 10
2458 657 12
337 337 19
1786 919 8
2867 3 6
4715 613 4
4350 824 7
275 868 12
4819 616 18
966 180 5
1975 163 15
3312 641 1
4583 228 9
1875 199 10
1225 24 9
3580 292 1
1160 723 19
2339 755 19
3305 287 3
450 956 6
3444 249 9
1330 932 7
1512 509 3
3900 297 7
4178 314 4
4972 10 11
252 461 8
1549 257 17
281 285 18
2569 563 17
1606 276 20
2292 528 17
1503 784 10
4537 789 18
3207 394 11
1062 373 2
4622 185 9
3186 661 7
1144 937 19
3436 817 7
320 170 17
3489 29 14
1631 899 2
2672 521 3
1398 742 2
279 910 19
940 608 3
1229 826 20
1565 418 11
4015 911 18
3500 894 9
1193 271 10
66 195 19
625 487 8
2327 68 6
1466 622 18
4536 710 5
1179 456 3
848 75 3
1671 442 9
1587 450 15
1721 999 3
600 327 12
657 497 18
2280 734 7
1342 690 15
2521 147 9
3420 149 15
620 576 9
2291 18 17
231 820 12
3366 541 11
4141 129 20
3189 79 14
1235 773 17
3081 294 16
3269 66 17
2686 332 17
702 973 2
2522 776 8
1226 267 6
1356 687 9
4787 752 16
4560 508 17
3115 777 13
2871 905 12
1555 802 2
2257 775 15
1132 551 14
1129 100 14
1189 399 11
1249 981 15
810 841 11
4957 248 10
2153 600 17
1307 593 6
4147 477 6
3980 25 8
2779 8 13
2237 71 11
2218 386 13
411 208 10
2310 901 15
2262 989 2
4207 686 17
3354 164 14
3686 541 13
3672 221 3
4756 380 5
3760 791 13
429 512 2
4091 413 16
2705 754 9
1912 440 5
1618 604 11
1498 782 16
170 3 18
3084 165 4
4192 545 8
2952 337 13
4849 125 18
272 883 9
1040 795 1
2217 414 6
1787 70 16
3845 785 6
1923 869 11
1718 325 3
3526 467 2
4492 739 5
3212 131 13
3372 700 19
489 487 9
1409 694 11
2334 969 12
4877 764 18
1595 441 20
2380 811 18
2023 481 2
2739 237 10
587 342 19
3633 584 5
3602 695 13
4002 572 10
4451 519 11
770 149 12
147 600 10
1561 57 2
652 294 3
1239 988 13
1572 376 20
4620 621 14
2064 432 17
3025 985 9
4524 585 18
3504 498 15
1666 150 1
1461 967 14
3498 33 11
32 578 13
2642 225 6
4976 131 11
4962 619 8
4899 416 12
622 317 9
123 518 3
331 961 18
3520 460 4
4683 844 2
827 861 4
3728 273 16
875 173 5
571 898 9
471 373 7
1337 397 8
3067 270 20
2830 953 4
3171 132 17
4073 835 12
264 856 2
2187 755 11
2658 128 9
306 904 6
928 143 16
1233 227 7
2365 875 5
3982 561 8
3652 908 20
4173 103 12
4663 114 1
2170 229 15
3055 157 19
4390 217 9
752 10 7
2338 243 19
3475 586 3
1042 234 16
1156 586 19
1746 108 9
2593 163 18
4285 420 13
645 528 17
2749 538 16
2414 228 11
2826 445 20
1541 797 2
1812 869 6
3751 967 14
3560 336 9
2495 973 1
4618 248 17
3971 781 8
1941 514 15
4739 185 8
2898 214 10
767 279 13
2723 999 1
494 113 5
90 450 4
413 231 12
397 445 15
1334 532 11
1035 651 2
2485 562 10
3625 585 4
2681 429 14
1519 975 10
3284 558 1
656 109 17
4642 593 11
175 995 6
3676 644 9
2206 357 19
4144 293 9
4203 594 9
3713 878 20
4425 869 16
535 306 10
480 76 17
666 437 14
1804 581 19
3758 340 19
2962 934 20
3027 813 11
3804 682 18
3340 146 13
4003 310 5
250 975 4
2868 712 3
4202 676 16
4055 660 4
2859 343 1
3551 35 8
4579 393 18
1750 63 9
2077 19 9
4733 569 12
761 417 6
4816 77 1
2675 772 2
3928 301 13
1230 376 13
4956 165 12
3058 580 12
135 599 13
619 445 19
2736 261 17
1837 289 1
228 58 10
4193 640 6
834 853 3
2565 911 15
4789 398 7
1646 496 14
3923 750 2
4053 618 3
3111 139 8
4904 937 11
386 855 14
644 552 7
2578 569 12
576 417 5
1526 977 7
3629 791 1
2247 185 12
1207 422 17
62 351 7
214 347 11
3364 300 3
2556 877 20
492 892 18
2822 478 7
473 798 3
4211 570 10
3598 925 19
1764 226 5
4486 959 2
4261 897 17
2332 741 9
156 528 18
4326 79 2
3248 860 8
1785 126 19
2039 729 17
1868 658 10
3884 990 11
2144 272 7
1814 739 12
741 30 13
798 230 13
2883 621 14
2632 1 2
290 982 18
1632 705 14
4905 991 17
4686 157 16
1701 744 17
3133 684 5
55 548 19
1781 350 11
4235 992 13
1924 976 10
60 474 20
2570 281 17
2572 907 11
2564 203 13
1388 599 8
905 824 1
4607 206 16
3279 640 11
1513 52 17
4657 153 16
863 481 19
1568 221 18
2755 17 17
12 193 18
4619 399 5
3816 201 10
2066 662 3
636 400 17
3317 579 20
1798 709 8
3019 87 3
3388 315 7
3933 472 18
1332 497 20
1032 599 10
126 802 7
3878 158 2
2195 89 1
4798 519 18
1237 593 18
2553 679 12
4025 736 4
3729 540 1
2345 924 12
4402 353 13
1394 828 13
3946 526 3
4818 243 1
2700 893 4
1091 270 20
2167 497 20
4593 665 11
3920 67 16
4512 700 19
2258 881 11
2759 372 16
1002 64 19
1309 581 19
1580 113 6
2429 64 14
835 365 20
902 820 12
1188 760 20
3947 484 7
1301 549 5
1355 858 19
3853 790 4
4870 571 8
3389 402 16
4767 126 20
417 786 10
974 541 11
1273 377 17
2574 926 14
2279 326 18
1851 465 6
1592 867 13
1986 318 1
4925 88 7
4247 242 6
558 311 4
3903 592 13
2858 79 4
2184 789 7
1 986 20
868 179 1
849 340 12
3937 478 10
49 590 9
291 327 6
2201 638 1
1105 582 5
3014 787 1
14 853 2
2185 722 13
1525 928 3
865 412 12
860 637 3
1151 964 8
3353 954 20
4888 643 6
2057 444 20
3553 223 7
2261 418 4
1055 645 6
1371 504 11
1140 566 7
2265 820 9
2243 878 6
1074 781 7
979 356 14
1164 806 9
2114 67 20
2017 540 15
1014 517 19
1518 847 16
2253 987 14
3605 134 20
2200 364 5
3274 145 12
605 853 17
1769 659 5
2183 252 20
530 266 17
3984 995 10
309 20 9
3443 812 9
1807 856 15
839 711 18
4481 817 13
3895 47 2
1866 577 8
2003 177 5
525 465 3
3838 943 10
3788 858 11
444 698 2
2770 829 4
1877 464 5
454 51 20
1984 127 19
2509 945 14
4695 783 17
785 311 5
995 841 9
2045 83 2
1363 509 5
192 652 15
2116 590 17
520 182 1
2999 760 10
4296 705 17
4431 593 13
4609 533 10
972 43 6
2517 695 12
4586 164 3
3462 36 5
1387 956 4
2014 459 8
1607 551 17
1864 459 1
4496 9 7
4539 726 4
2587 798 10
2491 656 7
522 914 19
3981 382 19
4885 418 3
3696 370 6
2676 931 3
572 740 2
2914 195 14
3718 686 10
196 917 7
4831 324 13
2614 937 16
4182 661 10
1698 158 11
462 83 3
1375 997 19
2924 130 12
4034 942 20
2308 335 12
2322 324 8
372 835 10
4915 802 4
1078 793 14
4272 622 16
3649 127 10
1591 246 13
4893 557 7
2215 233 14
4068 595 7
3338 159 9
4313 351 16
1743 496 2
1708 16 18
2970 960 17
181 331 8
4014 324 3
2954 744 18
4080 83 9
3768 688 2
2471 276 6
1319 109 13
1790 817 2
2387 787 14
583 342 7
266 789 18
4569 675 19
4 744 19
3693 125 2
3969 602 1
1430 447 11
4660 630 16
832 518 17
4161 401 13
3731 77 3
3932 780 19
713 101 14
166 531 1
56 779 1
1166 193 13
84 84 6
1773 71 9
934 825 13
3902 495 6
1075 427 6
725 493 8
4030 67 10
742 106 8
1287 358 3
4794 828 6
217 268 20
2296 987 15
2439 449 1
2778 779 12
2810 338 11
4444 818 13
4154 232 5
300 412 10
518 32 1
2560 525 10
4857 512 4
4580 631 4
29 243 14
4323 853 14
2063 983 17
44 974 1
1887 385 7
1250 270 5
4205 706 6
918 219 12
2633 542 5
3646 769 7
3244 524 19
2072 569 6
106 672 19
768 920 15
2092 802 20
1150 279 11
1467 961 14
3667 34 11
1477 459 20
3392 477 7
710 54 4
416 658 4
621 986 6
2934 371 19
1945 485 11
4748 963 10
3767 577 14
2864 376 8
199 771 17
204 330 1
131 872 10
3060 538 7
2276 914 14
3547 977 17
1668 177 9
1439 145 6
2285 799 9
3118 959 5
3322 642 6
1823 810 9
1353 110 1
4033 529 6
881 197 3
4744 490 20
2576 19 16
3813 589 4
2573 571 13
2958 452 18
3990 11 1
617 190 16
4780 165 16
2374 108 4
2745 695 5
483 207 13
1011 829 5
2013 813 18
2355 825 18
2972 367 5
523 818 7
3026 793 10
2721 570 20
3358 310 15
4917 742 20
929 923 16
2942 89 14
297 914 3
3847 308 15
1478 952 1
1022 978 14
1051 603 3
4409 265 9
942 550 5
3062 173 4
1909 833 18
4311 609 4
1939 608 9
1564 562 13
1829 810 20
1824 532 10
548 151 2
4538 213 15
3161 474 1
2457 811 13
497 72 2
760 167 7
2922 599 8
2396 580 20
1073 189 14
1351 587 20
4654 77 1
2070 449 14
4561 13 7
3996 954 6
1696 291 20
4347 589 13
3989 117 19
3241 196 2
2043 41 9
4406 234 9
4528 436 18
828 563 14
2523 859 17
3222 800 1
3609 502 2
780 95 10
3138 970 2
2828 183 12
1396 606 13
4845 618 2
2357 882 4
211 263 4
4836 797 15
3077 244 16
3428 399 14
4400 231 19
1200 627 18
3825 250 16
678 95 6
2453 227 15
2664 842 10
717 848 13
4738 249 12
4688 802 11
4061 972 6
318 56 2
491 978 13
3653 478 19
4045 548 5
1397 883 8
3596 449 6
428 938 7
3141 408 14
4984 738 6
4077 743 17
1739 652 3
4023 821 20
4259 729 7
1973 325 16
4395 788 5
2622 995 15
3958 733 20
3476 735 3
3172 850 9
1692 109 18
1285 392 2
4426 77 15
3661 597 17
851 986 2
18 368 1
2015 792 17
3483 484 18
695 592 7
3873 230 19
1446 8 16
3021 973 9
4029 176 16
1122 107 2
1691 126 10
3311 323 5
4456 371 20
3529 491 20
4473 749 13
2048 11 4
1775 511 5
3100 392 6
277 259 8
1500 279 15
1942 538 7
3545 691 11
2389 382 5
2595 671 19
1735 666 2
2171 766 14
2132 324 16
4196 498 18
4239 288 19
3904 297 10
3879 15 14
4700 186 1
914 175 8
2752 499 4
3607 198 18
786 369 15
1636 138 6
2519 533 7
1440 461 6
319 476 20
311 934 3
2024 294 11
2087 254 1
3011 218 18
4132 445 15
4175 127 9
4955 567 15
4791 264 6
2223 553 10
441 210 7
296 358 10
4428 803 5
1546 219 6
4775 65 13
932 555 6
4084 420 7
4329 878 2
2431 530 14
1641 976 3
155 682 9
1702 253 14
602 933 1
1988 19 19
919 917 4
1248 559 16
3886 333 11
2202 164 14
4993 843 6
4658 669 18
2363 360 10
704 379 1
1093 303 2
1936 613 4
891 499 17
3518 944 19
443 733 18
102 754 7
3817 114 9
2846 988 8
1149 969 13
1258 297 5
4796 20 16
2567 391 7
1511 109 11
2650 552 4
1588 6 10
4824 896 15
1742 22 5
3344 996 5
4293 168 16
540 311 9
2931 37 20
2040 979 11
2945 654 11
825 721 6
3448 691 6
3285 272 12
2805 665 3
1327 610 17
1437 913 12
41 791 9
3466 707 2
3747 897 10
4983 381 11
2026 306 12
3380 943 4
4188 845 8
150 221 17
1416 32 3
40 528 7
1611 365 5
4989 23 16
2071 492 8
2611 689 15
4114 910 12
4294 245 20
4470 307 7
862 188 13
435 816 9
1821 779 14
313 137 16
3736 981 3
1348 670 9
2932 471 13
716 683 9
1376 49 3
3564 853 10
994 871 20
1302 416 4
39 749 18
3201 351 18
545 929 6
1761 629 1
1677 834 11
4828 161 9
1328 150 8
4364 668 15
1135 513 8
4032 416 9
1628 768 17
689 584 12
1940 96 17
2839 578 9
1065 546 20
98 314 8
4060 841 5
4732 27 1
4009 573 1
4250 865 9
4389 552 19
2228 130 7
195 933 6
1645 247 5
3356 660 6
1012 59 18
744 86 19
3328 115 13
3007 555 18
4691 263 10
2488 646 20
1926 44 5
2761 954 14
1900 867 8
3393 229 12
4875 139 2
2882 695 19
1586 167 2
1605 445 6
3061 979 2
823 285 8
1920 788 1
3787 567 6
878 980 9
711 862 16
2865 640 3
775 409 14
470 584 15
2161 105 3
2649 98 15
162 468 17
4123 607 3
3494 528 10
3335 610 8
496 715 2
1158 463 8
412 325 10
2105 840 16
2869 433 2
1792 450 16
3673 131 1
4786 466 12
4314 598 7
1815 483 1
993 283 4
1406 960 6
1054 90 11
3616 890 4
1066 846 17
367 649 20
1600 97 9
2428 553 16
186 513 1
3177 567 11
4349 421 16
653 942 5
920 661 6
1659 694 18
2542 592 7
574 21 20
4559 93 3
2012 445 9
1361 866 16
3169 390 10
1463 946 10
125 152 1
254 816 9
4627 395 11
4186 840 6
3275 205 11
850 871 13
262 741 16
3208 762 13
4442 131 15
1232 845 9
2400 486 16
4795 736 14
988 321 9
1495 463 13
2346 687 5
4037 904 2
799 216 15
2348 300 18
2725 768 9
2441 749 11
2145 244 14
4760 393 1
1849 526 2
1378 429 2
3006 530 17
1745 681 9
2917 284 20
1610 256 6
4391 889 8
1703 319 14
4801 353 14
4911 779 12
1016 18 2
3166 347 8
4797 43 10
1892 853 17
3065 6 2
59 501 14
632 617 16
2053 910 14
1647 312 11
3789 369 10
144 834 20
2150 608 11
4072 635 19
4048 444 6
4706 950 7
1614 108 13
2094 842 8
1749 277 1
3088 779 9
782 661 3
2581 817 17
4623 622 9
1929 732 10
3851 59 15
414 40 8
234 230 2
4844 370 1
1540 988 5
1163 610 6
2984 289 1
3373 821 2
2998 493 11
2905 445 11
4906 420 19
3541 226 4
81 214 20
2596 176 5
1845 191 7
476 332 6
3381 777 8
388 395 10
4005 936 16
48 369 2
1965 137 5
3897 306 1
743 497 19
2455 914 10
3956 593 12
2256 751 10
3756 217 13
133 543 5
739 802 10
240 897 19
3479 822 6
4393 771 7
788 80 12
3799 613 1
2894 897 7
422 814 4
1907 358 20
3449 813 12
941 260 2
2764 637 7
4887 555 16
967 67 15
539 777 8
1643 210 11
1960 58 9
3223 811 12
3868 700 7
3675 767 1
4540 2 13
1183 213 3
3331 303 16
4754 501 19
1688 2 2
1015 704 4
4438 582 11
265 864 5
4948 167 1
3433 41 12
2762 860 10
2949 789 17
1152 903 6
4921 553 19
2855 523 11
287 69 7
2219 864 1
3881 28 13
330 341 6
1157 803 10
3677 584 9
3858 588 14
2130 355 11
1736 574 13
3915 190 18
3113 951 14
1719 985 11
2589 125 10
2802 253 2
1660 842 15
142 549 17
437 380 1
4373 622 9
4848 895 10
2526 822 18
329 428 19
3341 622 5
1359 265 6
1262 300 11
4236 321 7
216 247 3
52 774 17
2909 455 5
148 166 16
3690 47 19
1499 969 4
4680 180 9
4672 369 17
2731 682 18
173 466 15
468 450 5
2129 335 5
4692 698 18
4872 839 5
1047 506 20
720 875 8
570 769 12
1505 705 12
4027 841 18
1362 677 2
4194 905 12
3710 609 14
4758 467 5
3412 868 5
728 105 20
3010 631 6
971 716 16
421 277 7
3209 388 20
1315 45 17
4102 650 20
3617 139 12
2979 752 14
2404 469 18
1623 72 10
2209 578 20
975 735 20
1625 794 7
1594 286 18
1131 922 5
2744 970 5
4833 390 14
1456 814 15
4215 447 4
1145 527 1
2120 614 1
4975 985 20
1106 907 17
202 229 1
1445 444 14
2901 610 8
4151 965 18
4503 437 4
3835 534 17
4673 577 16
2562 515 20
3822 771 3
4051 383 17
4513 185 2
3901 885 17
4303 78 8
189 446 1
1680 377 2
1854 500 16
235 623 11
63 488 8
3432 397 10
2500 615 5
4720 270 15
1459 900 20
762 641 10
4491 534 17
1343 89 15
1578 64 17
2993 553 4
3517 56 7
3628 123 9
4019 511 16
546 289 3
94 516 14
1502 754 13
4608 286 20
731 187 20
1903 530 3
2765 415 15
176 423 1
2044 896 3
440 485 8
1914 376 9
1254 246 19
1128 40 1
3556 332 18
4338 87 10
816 615 5
2388 660 14
3811 253 9
4201 569 13
4483 683 12
2910 947 3
2877 864 11
4392 348 11
2615 517 12
1213 70 13
2211 780 9
4562 962 4
3972 47 10
1162 264 2
1433 879 11
4368 863 3
1579 643 12
1141 605 15
1316 63 10
3757 577 14
2373 527 5
690 308 16
2123 188 6
239 633 19
1848 113 19
771 190 11
4979 607 5
1669 137 13
4065 51 3
737 914 5
3899 814 4
2099 279 2
4504 38 19
3320 462 20
4578 603 10
1715 527 16
4119 789 2
1878 7 2
2854 258 9
357 507 3
947 795 8
394 917 6
208 828 6
1431 815 15
3325 452 16
4056 537 5
284 679 2
3143 293 1
3555 807 7
1367 334 19
4525 360 9
4059 37 2
3679 564 1
2735 101 5
4371 780 18
2515 74 10
805 486 19
4013 198 17
4316 794 12
1096 205 9
3892 947 14
1481 406 20
2921 905 9
79 392 19
2702 402 14
2561 116 5
2987 214 13
259 513 20
2730 218 10
2208 714 19
1853 797 19
4358 855 4
1177 107 9
531 941 14
1873 133 5
4643 249 6
1695 262 15
640 723 14
3271 209 20
2366 204 10
4576 696 1
3513 391 3
599 528 16
169 370 18
4690 553 19
4268 840 14
973 527 17
4498 434 19
977 155 20
553 851 20
2689 62 4
2271 686 6
4233 841 7
3154 740 8
3588 478 7
4985 485 11
2782 71 13
4900 523 19
1947 579 2
4017 279 10
4728 759 2
504 498 15
1716 730 14
830 802 10
4805 59 2
2157 193 3
4567 764 20
724 368 4
3085 534 3
4914 405 6
242 587 8
4641 42 17
4531 146 18
113 153 6
2598 56 11
360 857 2
628 325 4
568 541 6
1654 210 4
3124 834 13
606 869 15
4229 671 4
698 123 12
1286 325 2
3843 247 6
1674 394 4
400 73 16
4551 118 2
1509 987 16
4599 386 8
1722 297 3
2704 731 8
1450 946 20
3486 135 1
3037 605 2
4546 945 10
2548 35 13
4270 684 16
658 111 2
1314 372 8
4260 431 10
676 892 8
2282 266 7
115 243 18
3938 167 1
3521 71 10
1227 617 13
646 677 17
2928 943 15
4859 510 3
2288 433 7
4455 985 1
3426 148 3
2823 381 7
3469 58 4
2269 608 16
3258 505 6
943 592 1
4352 343 4
2742 305 4
1566 663 4
3110 927 8
818 775 6
675 560 1
2640 522 17
3926 770 19
466 293 4
209 653 7
668 121 6
2056 722 6
2283 205 3
855 887 2
4133 705 15
3601 666 18
4839 613 18
1895 335 3
2330 970 8
110 664 3
3227 307 10
2760 302 20
3502 436 20
1497 324 4
2163 561 15
3492 632 7
4897 975 12
4500 590 15
197 400 17
2674 413 14
893 683 11
2709 175 3
2496 838 12
4362 869 20
4220 797 17
4592 580 8
4289 335 18
4499 380 16
502 126 10
1653 341 1
1550 709 13
3348 86 2
3515 967 1
1980 401 1
2318 165 1
4172 644 2
826 985 2
2093 76 5
226 974 16
1382 906 12
538 209 2
1138 670 2
1791 372 3
2872 101 10
2177 365 4
503 880 3
174 614 9
1457 153 11
4532 696 5
3834 194 3
2741 219 16
4113 702 20
2948 211 16
4300 383 1
1916 88 2
1385 102 5
2384 317 8
2900 308 11
2960 700 18
1441 931 3
3092 326 1
712 622 19
352 497 5
391 445 8
3351 498 5
3056 375 3
2624 566 18
2068 244 18
3943 956 1
3623 431 19
3976 928 15
2637 325 20
1318 731 14
315 788 9
1638 7 14
2101 800 15
3109 886 11
2481 476 18
3534 635 7
1883 44 17
1977 751 13
4458 227 10
4306 80 11
1219 752 17
3231 862 3
672 572 9
333 78 11
765 688 10
663 258 20
3764 609 14
3327 26 17
4380 700 9
955 342 17
1289 420 19
2054 460 1
4895 830 10
4225 711 16
833 475 17
2423 565 16
2051 945 8
3137 662 14
4066 951 6
3645 564 11
2460 113 5
2360 690 16
1442 944 3
3721 367 20
418 924 8
3802 254 1
3105 439 5
2437 729 15
541 859 17
1424 445 13
3519 412 19
3599 182 16
3509 189 19
4341 646 11
3505 110 8
3173 231 7
3333 144 7
774 699 1
1838 342 3
2227 9 14
2692 204 16
3050 430 10
4423 381 2
3701 614 18
510 725 15
3202 929 10
1253 360 11
2660 300 7
2461 128 19
3934 44 11
4898 585 7
2623 279 2
2240 566 17
2933 284 18
1667 335 15
2703 391 16
1325 539 20
3574 437 5
2293 317 8
1917 880 6
1613 156 20
2887 554 12
4711 278 16
3792 700 1
4204 995 3
1548 171 6
1753 567 11
3694 574 16
4577 637 14
4298 726 16
3099 282 3
3781 904 11
1305 41 5
677 849 5
205 0 1
3131 127 10
3139 428 18
879 720 2
1976 444 19
3188 303 7
4265 608 16
392 818 5
1217 65 6
874 396 11
2610 401 1
270 410 19
286 686 3
670 575 7
3343 88 15
3387 19 5
3568 98 8
2606 533 5
3723 319 7
3264 398 15
3334 22 6
4485 933 4
3114 651 5
3009 938 8
2870 283 11
595 696 16
3046 960 14
524 407 5
3458 490 11
4210 750 8
4959 371 13
4421 668 15
869 616 3
3727 804 12
4011 139 1
4063 33 12
2775 192 2
3842 166 11
1782 225 20
2683 3 6
1381 366 5
1921 991 20
954 354 14
4089 464 1
2885 818 10
751 142 12
3856 413 6
4892 96 9
3514 113 11
3859 226 18
898 130 1
69 351 8
2406 102 2
3567 643 8
2436 492 10
581 650 18
159 147 13
1058 629 13
4082 732 15
4964 448 14
1102 63 9
2463 612 3
3546 852 7
1115 628 11
2773 831 3
298 204 12
2343 272 13
308 474 2
1379 9 2
334 509 13
3192 159 17
773 220 13
4699 500 5
2710 222 14
2973 603 13
2311 243 15
1402 162 20
3527 383 4
2235 719 16
1527 287 5
4920 349 19
1894 675 2
2474 583 6
4057 894 1
4750 462 7
2541 342 2
2464 921 17
4183 228 1
3755 559 9
4288 127 12
1602 166 18
2011 413 18
4163 712 1
3379 662 14
2963 6 2
1194 378 4
408 289 1
4345 638 7
4648 272 13
4534 948 20
2666 693 8
2673 474 14
3403 209 15
3955 220 19
861 19 9
3578 52 15
4230 620 12
3942 126 10
3463 452 11
1937 149 17
4197 284 12
243 143 8
3793 686 12
1190 522 5
3671 941 1
51 821 8
2047 452 14
4190 211 9
857 648 19
4651 334 10
4835 512 1
4357 369 9
3029 310 9
2249 887 13
4071 186 17
3706 387 3
1176 377 18
355 409 19
4736 71 19
1985 310 3
3345 309 6
1705 208 16
1944 231 12
1391 160 11
3098 569 1
1172 303 14
3052 278 10
3707 519 4
2592 463 15
183 146 1
2314 384 11
754 605 14
809 547 3
4882 552 4
380 672 7
1469 851 19
1532 377 1
2286 334 6
4606 469 3
1121 152 19
1793 713 11
2916 840 6
3419 37 10
2032 676 16
2957 569 1
4778 992 15
2139 96 20
647 139 18
3577 249 1
3582 402 5
2559 416 9
688 396 5
3385 149 4
215 112 2
1839 449 2
1911 643 18
1967 66 20
1747 158 16
3063 96 5
3474 981 2
3457 548 14
210 165 1
4140 20 6
35 618 5
1957 844 10
1766 392 3
4062 703 1
3076 597 7
4416 620 10
3391 630 15
2451 693 5
384 850 20
1345 908 2
4100 141 18
1629 41 2
4478 775 9
1204 827 7
3482 374 13
390 56 20
4355 102 15
4986 581 7
2728 506 16
3558 633 16
1762 136 1
4873 586 1
4868 628 17
4708 722 3
3266 707 18
4545 679 5
2848 821 14
4074 407 15
4807 405 1
4276 455 2
3359 58 7
3737 471 14
1386 679 8
1869 115 9
2359 40 7
3210 387 1
3860 821 6
3610 357 5
3697 912 14
382 181 20
158 960 11
1313 523 18
2544 22 18
2103 318 8
748 649 19
1384 111 19
1949 520 4
1000 702 15
3773 669 12
3648 155 19
1891 90 7
4127 522 18
1428 306 10
1855 22 13
4208 76 8
3234 992 7
2892 264 19
1857 689 2
47 683 5
4707 946 20
3211 237 5
1983 173 13
2646 904 12
2031 761 1
772 95 2
2172 130 7
3024 400 12
1116 659 14
4152 626 4
4441 478 11
1407 734 4
783 134 15
880 426 13
3005 471 8
1155 354 15
2254 995 18
3102 559 15
3508 979 1
3376 970 7
1464 836 18
4574 510 13
2199 267 4
1893 668 2
3651 872 11
669 342 1
604 776 2
3975 300 12
4952 17 7
686 568 20
4292 122 20
4308 997 12
1108 83 17
3064 860 10
2552 419 12
1191 294 3
1024 587 3
3936 687 4
3013 810 10
1910 49 11
4861 282 8
1198 247 19
1124 449 7
3321 766 8
1584 167 18
3640 346 14
694 477 6
293 795 13
2216 29 8
4894 348 7
3987 190 13
2232 843 14
3324 423 3
3452 401 8
4563 334 15
2899 835 12
3431 537 8
1953 17 20
901 469 10
836 311 2
3600 362 19
817 965 3
3522 581 11
1271 265 2
4542 707 4
152 383 16
1533 63 15
858 951 3
1369 204 3
2585 609 7
3218 597 6
1661 279 11
3336 553 1
1639 508 8
3465 43 16
3196 245 6
4312 292 19
4548 674 2
687 940 3
375 846 15
4852 224 4
2976 401 10
2245 971 19
2995 660 12
1206 182 19
3742 7 14
991 219 14
1913 212 13
336 487 18
3595 279 4
247 603 13
4625 204 3
2089 809 11
542 642 7
4237 145 20
4281 744 16
2214 828 5
4069 608 13
108 165 15
1282 510 11
4443 772 5
3960 674 16
3059 463 4
3733 726 10
4122 568 5
1496 202 15
4923 110 4
1418 794 7
1292 206 2
705 242 18
1529 103 17
2866 511 8
2 313 6
2907 762 15
4282 161 4
3472 61 14
1335 40 19
3606 352 14
1059 360 7
3314 790 1
2006 502 19
282 328 6
2284 787 8
4010 90 6
1948 480 3
4994 974 10
610 616 13
2978 516 6
1393 611 19
4307 92 8
2545 342 8
465 567 6
1504 352 5
68 746 16
2538 256 16
3438 394 16
4022 312 9
637 320 7
2532 668 1
3889 10 9
1333 146 3
4484 745 13
757 969 10
2747 289 17
2007 29 1
1675 662 16
551 986 3
527 671 1
3771 925 7
1089 405 7
2029 839 12
3507 44 4
631 838 17
1462 539 18
398 799 7
3070 525 11
1277 307 7
1752 808 3
1010 254 13
2863 561 5
3020 835 14
4771 986 1
3922 213 11
153 76 3
2698 856 13
1215 726 9
4343 314 9
4085 655 10
3891 338 19
3181 48 16
1470 588 8
1545 51 6
3566 100 17
3318 776 15
4143 898 15
4667 921 17
1422 577 7
3977 855 14
341 615 8
8 536 4
1280 780 1
238 826 13
1523 568 15
4529 824 10
4174 345 13
4420 372 7
2655 707 5
3552 817 18
2375 357 8
3776 238 4
1655 733 15
132 976 7
3308 910 1
1919 564 20
921 926 4
723 465 9
4465 494 11
2459 859 19
3297 681 12
1777 718 6
379 919 6
1300 700 8
36 947 17
1414 64 18
4164 717 5
2270 86 6
2022 178 13
4823 479 5
4596 942 2
348 969 9
1336 383 13
4929 254 14
4628 944 11
4661 174 16
789 277 16
3108 999 9
642 718 20
2454 831 5
1574 587 15
4963 680 17
4424 32 5
4007 320 16
3190 674 15
396 230 12
3584 855 2
1027 819 15
4318 789 19
2903 645 13
1048 377 8
2379 996 20
3635 669 11
3072 989 3
4779 6 8
1622 845 17
2668 134 13
2494 985 17
515 355 8
4252 666 17
1472 574 10
1694 718 8
4826 933 6
2803 336 1
4218 168 20
1640 485 9
4179 206 12
4006 491 9
4737 918 8
3815 641 9
1707 333 19
1538 265 9
2618 914 9
3557 511 13
4584 780 1
4809 559 18
3725 702 4
121 153 18
30 16 3
4741 705 12
2300 494 11
3129 237 15
3291 729 8
2442 583 6
1088 695 7
591 928 7
1562 580 1
3049 859 13
1130 186 15
1928 89 9
3986 580 2
609 861 6
1174 850 5
3638 985 17
2340 34 8
4295 290 1
1276 240 3
201 324 12
4388 50 9
1383 426 12
344 605 19
4974 506 20
2095 288 12
3 140 15
2946 314 6
1460 121 8
273 645 11
1933 246 18
1117 747 4
759 221 2
3844 340 11
2671 9 18
4624 953 8
2046 683 9
2084 865 7
2547 723 12
1294 606 2
1608 766 10
2584 719 17
1202 528 3
4403 492 13
4856 591 2
351 761 16
1134 825 19
3030 663 17
2780 467 3
840 449 1
3408 305 4
3973 880 16
3702 810 2
3823 756 19
2486 912 5
1732 458 2
4315 339 1
2540 710 16
3945 977 4
1856 812 16
917 700 18
2797 233 12
2530 560 14
2197 769 19
3591 770 19
1320 172 2
3539 64 9
4044 614 10
1350 990 6
2082 836 7
2128 253 2
797 649 10
1714 770 14
3680 959 8
4949 753 4
3187 691 8
944 140 3
472 435 7
1118 961 6
4653 928 15
2126 405 19
1808 622 1
4290 42 5
2617 734 7
4116 659 5
3909 501 5
1068 250 19
708 379 2
261 490 16
3866 855 10
2923 91 17
1041 957 4
3542 218 14
4674 949 9
854 749 16
1079 475 5
2911 77 7
2609 213 2
3416 143 11
2381 920 7
2806 207 11
3087 835 5
2164 313 20
3944 197 1
3423 246 9
3626 226 10
2352 476 11
299 18 7
2142 369 19
4968 917 4
3907 75 6
3762 609 19
1098 289 17
3974 531 14
1127 480 17
452 918 11
4510 23 4
2815 766 12
4918 613 7
1553 612 9
2980 762 7
2468 332 16
2416 508 18
1247 742 2
4302 684 10
1259 129 13
2971 632 2
2513 363 16
4566 174 19
1266 166 18
2483 4 15
4469 228 3
2390 905 9
1651 550 11
3347 163 1
2816 743 15
3894 37 7
556 521 10
814 321 18
964 239 20
356 232 15
904 506 4
3499 499 5
4677 855 10
1733 842 3
1740 748 5
185 510 13
4714 217 19
3296 291 12
4832 926 13
4646 92 19
3949 284 13
383 679 13
1969 201 5
4253 273 20
3125 847 2
4878 985 7
2985 827 6
3454 460 5
2832 938 5
2769 365 6
592 531 4
4590 882 6
4814 722 4
1991 268 9
179 351 15
4908 502 7
2505 818 3
2774 823 17
924 472 16
2244 435 19
2397 610 13
4379 716 4
4346 190 19
691 593 2
2242 995 8
1522 895 19
4919 976 18
2977 357 10
3280 228 14
3349 20 6
4106 124 14
962 963 2
1573 622 20
3719 66 18
4519 709 2
2537 11 11
4222 870 4
3158 621 6
4267 636 4
128 987 19
864 853 14
4753 216 4
777 706 4
3242 596 6
1281 907 20
3168 200 5
1214 204 9
4137 971 5
342 798 13
4344 308 2
1038 458 6
4933 265 4
11 251 7
2055 238 8
1842 703 13
3268 224 14
2034 616 20
3362 480 15
2786 751 9
665 866 6
3094 593 19
4697 46 15
364 318 16
2353 953 4
4757 357 19
141 679 10
3288 920 17
4262 646 19
1246 804 8
2794 556 9
3540 912 15
171 158 11
2432 109 3
2661 947 13
4595 729 12
4381 627 4
956 944 9
1438 685 9
3226 718 1
3593 629 11
424 107 17
4889 182 1
2019 303 5
3770 462 18
1056 859 3
1943 645 15
4468 144 2
2643 841 5
4001 909 10
2106 867 15
3073 433 17
2246 729 13
1004 578 13
544 964 1
2844 70 20
3315 264 4
3966 620 14
884 537 15
885 691 3
1954 578 6
269 842 1
2831 897 9
1468 428 1
3240 545 2
4372 990 8
667 813 2
4719 547 16
3840 730 5
3162 705 11
4941 740 15
3782 471 11
3214 978 2
2772 953 4
1589 390 11
2524 21 7
2091 351 20
3415 368 4
4709 728 20
2612 523 4
2221 106 18
3700 970 6
680 200 1
1366 722 12
224 892 18
989 679 12
4269 681 19
2391 24 16
1554 836 6
1597 931 18
575 886 6
4800 642 5
2361 188 9
2983 439 10
3329 360 19
4718 235 9
969 547 15
2174 611 7
3608 521 7
2620 910 13
758 695 20
3216 250 19
4681 249 1
2857 622 1
1506 356 17
404 279 4
4365 740 12
1137 879 15
4353 421 13
129 400 8
4110 633 15
2061 267 11
4890 58 15
3255 850 19
3292 633 6
2192 618 20
3342 197 17
4585 256 4
4335 664 11
2754 449 20
745 140 14
4954 744 5
671 124 3
2395 474 2
1987 153 7
495 456 2
2873 803 13
4189 684 3
3510 423 1
3461 748 12
859 337 12
4328 36 10
3103 808 2
945 974 6
2539 96 17
64 386 5
4751 768 2
3040 547 16
2955 690 16
3699 145 15
1085 521 18
931 372 12
4278 467 18
1413 800 19
1871 131 6
3829 360 11
2477 739 16
3662 353 19
1819 386 13
2328 682 9
2852 426 5
696 574 11
837 758 1
3717 454 13
1672 996 12
3254 29 3
4552 410 13
2732 520 5
3797 957 5
3198 329 3
4199 763 14
1828 998 5
4105 662 7
1077 971 2
1617 490 19
2621 907 10
3929 222 3
2783 537 9
3175 174 12
3232 592 19
1575 184 12
1284 936 8
3215 489 17
4953 153 3
3791 714 4
2734 564 17
4730 908 20
4412 884 3
4447 967 11
2520 880 14
350 17 4
2588 209 3
3352 446 5
4226 118 3
612 57 12
4243 75 10
4134 341 16
3824 2 8
4727 405 8
267 569 20
753 263 8
2722 840 4
1862 967 18
4317 953 4
1171 573 15
285 124 6
358 788 3
3741 187 4
4351 72 3
4603 683 13
1729 132 9
3319 210 15
624 998 10
846 675 2
594 388 7
596 188 4
2398 449 15
4912 816 12
559 698 10
844 390 17
2191 810 3
3002 981 20
3229 306 12
3585 345 2
1265 449 1
2008 345 15
2528 816 3
3687 692 9
565 529 17
674 737 17
3090 767 15
2930 765 6
1110 165 8
2600 74 15
4762 748 2
1473 222 2
801 183 3
987 765 14
1146 555 3
1006 430 6
5 258 4
2599 929 2
203 552 3
3752 928 8
4710 854 8
2141 326 2
426 626 19
3252 702 17
2149 245 4
1061 356 8
3095 22 14
1080 302 8
2165 513 5
2194 90 19
4445 608 9
1690 948 13
3525 279 14
719 721 4
4803 319 12
4411 7 4
3259 51 2
513 582 10
2377 558 18
1633 165 9
3962 973 10
2785 290 7
3163 997 13
4415 346 2
3849 498 10
1657 504 18
2205 981 9
2555 123 3
4382 450 8
3561 426 9
4081 934 3
4938 115 10
607 800 11
2788 149 4
3239 731 19
2920 294 10
3256 544 13
2320 557 3
1043 418 4
2385 455 10
4996 131 15
1998 144 12
948 613 5
4097 884 12
2893 276 17
4564 275 15
3761 918 19
2799 552 5
2230 649 1
915 429 9
2173 630 8
2895 745 19
3819 667 2
2236 69 20
1508 301 14
1863 217 4
3997 761 13
4980 471 10
1528 713 6
4881 463 4
3042 9 19
1479 676 15
2607 987 11
811 769 11
4255 226 7
4999 262 7
3093 49 18
907 321 14
4333 195 2
4678 156 14
4254 126 12
872 255 2
2159 320 10
3361 294 17
3398 985 18
1260 590 16
118 172 6
882 175 16
1243 385 2
4782 206 4
4462 259 13
3780 236 2
4747 956 7
3970 744 12
493 787 18
4817 950 13
842 797 17
3930 601 2
1240 280 9
289 109 20
3000 632 8
3826 350 2
2502 143 18
4136 795 18
4249 239 20
1968 65 2
38 650 18
4452 323 5
4050 641 6
198 499 5
4266 327 20
3908 785 18
2407 481 14
992 413 19
1797 53 5
2768 84 12
3618 957 3
681 261 14
2312 824 1
302 237 4
3307 427 8
1269 369 19
4035 508 15
4086 218 2
2290 227 1
1963 623 10
3857 154 13
3332 512 19
1044 603 17
4209 78 11
824 699 17
4682 205 9
1840 807 9
4871 799 7
1357 879 20
3213 579 14
532 541 17
1905 593 19
3850 574 10
2961 313 17
4020 218 16
1689 0 6
1899 447 15
2067 129 16
2853 684 18
451 287 19
2140 640 16
4909 410 19
134 697 15
407 290 19
1279 242 11
983 672 7
2125 115 20
1989 416 14
4408 820 17
800 79 6
673 190 16
1835 527 10
17 858 14
4587 277 2
89 8 5
2860 191 16
2935 587 10
2158 194 11
998 779 13
140 919 2
3681 125 17
4629 990 8
1434 637 4
2090 881 16
4945 135 12
2807 341 18
555 153 8
1543 422 20
1906 926 18
2688 898 9
2325 755 14
4330 580 11
478 357 8
4763 690 10
997 39 6
3784 335 9
4755 144 15
434 924 1
2074 443 19
260 549 18
2238 291 20
3069 781 4
4054 441 14
3265 450 16
1938 687 18
1036 696 9
2443 938 4
877 256 2
178 782 20
3543 127 19
3685 448 11
3875 193 9
453 233 4
4490 745 7
4696 10 18
4550 907 13
3122 325 15
4724 285 7
699 247 10
2180 851 5
458 122 11
24 567 10
1717 91 20
124 623 12
1471 277 18
4038 484 15
1084 10 1
2135 669 8
1861 23 10
4783 647 4
2568 351 9
887 125 8
2241 22 2
537 292 2
2466 505 3
4505 73 7
4493 480 8
278 493 1
1865 845 12
888 86 12
703 751 6
1241 395 20
2719 449 7
1559 679 10
2527 716 1
1650 913 19
3639 748 9
3456 925 17
446 577 19
4457 519 7
1535 135 16
2669 312 11
3304 541 5
2591 433 15
378 692 12
2793 559 19
4305 829 17
467 883 4
1493 902 20
3636 237 6
1082 7 4
1763 984 4
1360 399 19
589 24 12
4611 920 16
4647 587 5
4970 735 10
1339 662 15
1399 826 16
623 205 6
4413 479 7
2652 307 17
1488 110 8
74 385 3
4865 718 3
3078 530 17
4128 469 3
3821 631 6
4098 961 9
3453 826 15
4883 737 10
2781 323 18
2791 748 12
1576 336 16
3053 781 12
2682 11 1
4363 726 12
3734 854 1
1757 438 8
1996 819 6
2712 184 14
3267 854 18
4142 649 15
70 284 17
3204 633 16
1007 161 16
3912 745 7
1489 604 6
795 278 9
1544 810 9
1833 924 19
107 157 12
4910 862 4
4768 860 9
486 90 12
387 927 9
3586 152 6
339 415 5
1175 526 15
4990 19 11
820 926 8
1859 469 7
1626 609 20
484 883 5
1682 709 9
4495 211 6
1023 656 17
2992 200 5
246 519 1
103 81 12
91 520 18
1426 455 4
1731 204 9
1264 755 6
557 754 15
2470 733 11
3759 550 18
3716 815 5
1159 320 11
4701 164 18
1005 146 2
3885 434 6
1897 22 10
3533 953 20
3530 873 12
316 567 2
4960 101 11
3016 831 14
3445 554 7
1720 188 5
3654 423 13
442 802 12
4520 873 12
257 787 14
45 134 12
3151 114 14
1324 353 19
2005 727 8
3145 641 2
2133 992 13
806 904 17
1725 902 18
507 963 4
1182 352 14
4112 88 2
2819 626 3
381 319 1
4138 466 9
1670 12 10
4340 318 17
1181 30 20
4184 894 6
2847 534 2
4612 632 14
2102 128 16
2251 157 6
2009 54 18
4967 501 13
100 652 9
2018 585 20
3871 117 4
3627 690 16
763 549 9
4991 830 15
1517 645 18
3684 788 14
3038 501 3
1831 533 1
1104 148 2
3808 2 17
1482 748 4
2912 648 17
4042 89 19
3865 168 11
1760 525 5
7 170 13
4533 457 15
4745 647 3
1805 327 11
431 834 18
255 351 13
3294 790 3
1583 956 3
554 889 2
3744 113 13
709 601 7
1092 168 17
1867 351 1
2049 365 4
4631 328 15
194 111 13
1818 77 1
721 205 1
3422 837 19
886 814 16
3230 234 11
4995 473 2
3471 370 20
1346 709 17
2693 155 8
2036 690 2
4242 706 20
649 551 5
791 600 18
3194 457 20
1034 619 10
1420 499 11
1486 510 11
3785 550 2
2534 687 11
4811 706 9
506 375 10
4926 491 12
4198 954 15
3749 932 13
867 39 19
236 980 13
601 672 5
829 886 20
2297 8 9
3991 459 14
463 89 9
2020 713 1
2248 434 10
4336 566 19
909 809 17
4792 936 2
3346 899 18
163 705 20
3440 719 10
3674 303 7
2475 841 13
614 430 6
3083 509 7
3470 537 14
1485 36 12
3805 887 1
88 793 2
3281 80 14
2370 198 1
3830 75 2
3669 936 7
4930 595 2
2966 154 15
2419 816 4
2766 214 9
4450 125 5
2777 759 20
1811 655 4
4884 602 17
1772 958 16
1520 234 1
420 763 18
1644 376 10
517 716 15
1516 431 17
3106 940 19
3034 782 14
4901 651 5
3683 579 2
4386 871 13
1658 827 9
1404 243 10
2843 312 2
65 278 17
1178 167 1
3678 359 12
4944 358 3
1244 188 16
1596 293 13
4840 348 6
1475 921 13
1447 497 9
1794 372 12
616 784 13
2234 249 7
1741 980 20
1510 849 14
22 552 18
2833 783 7
897 671 18
3200 785 11
2738 965 15
1297 116 17
980 909 1
889 921 5
2465 362 15
1896 53 2
2401 699 11
1999 247 10
4841 585 13
3548 529 5
4166 760 17
4433 315 6
4099 617 17
1101 256 12
3450 743 1
2767 708 2
3714 684 17
3477 187 2
4321 368 12
3992 879 20
1458 779 14
4401 856 12
3238 659 1
3644 634 16
2678 176 19
735 810 16
3664 906 17
2619 850 8
2571 122 1
2178 395 7
3437 358 12
3323 641 2
3116 374 18
629 454 20
4640 834 10
1709 456 17
4822 362 4
1700 578 7
683 154 10
366 49 14
485 923 7
1530 613 19
4153 339 12
2350 415 14
1429 708 14
4031 627 13
1436 65 12
4847 910 15
321 796 18
3236 978 6
1148 106 16
4514 998 14
755 727 1
377 409 12
2630 138 1
3796 596 10
95 386 1
3165 442 19
294 543 14
3919 366 13
373 836 5
3614 494 17
1090 89 10
1997 103 16
1081 36 13
3957 313 17
1373 121 19
4907 965 20
4231 264 15
1711 112 10
3045 461 7
2516 707 20
374 341 18
4159 512 7
4232 228 13
792 208 13
4731 811 8
3959 8 5
4427 799 1
3798 492 8
4940 398 17
3301 302 9
1255 190 2
2940 289 9
447 324 11
1432 148 3
845 564 6
4028 244 10
2060 854 5
2670 32 17
4049 393 1
3357 979 10
951 283 3
2680 249 1
245 911 15
402 75 8
1067 771 20
4096 422 10
3774 145 2
403 391 13
1642 22 8
4263 373 11
852 640 8
1547 259 17
4240 848 1
3096 45 12
4815 526 17
3979 360 2
3375 330 1
4223 595 14
1256 694 3
4135 458 15
3739 869 10
2268 278 6
227 549 7
3368 478 1
1060 429 17
815 348 17
4361 189 16
4935 125 5
894 459 18
4280 890 11
1278 652 20
729 817 9
4523 625 5
1111 737 13
2411 832 14
2160 699 13
4129 888 8
593 446 15
1886 67 11
4070 226 15
469 569 7
4279 584 13
3107 344 1
1683 267 3
3994 185 17
3993 163 19
4726 748 11
1453 100 6
3022 321 4
4377 215 11
2402 289 13
4310 932 13
3167 367 2
1932 289 20
895 247 16
146 887 15
3205 447 3
3425 262 6
111 126 7
3394 984 11
843 374 13
96 135 11
3738 495 4
1889 306 19
53 2 14
258 194 5
3657 221 10
1656 357 6
597 682 18
1344 801 7
1452 953 16
4605 135 3
1665 573 9
1601 889 10
1186 336 16
427 615 8
1567 303 13
1454 611 3
1216 504 6
4093 273 4
1403 689 17
4821 304 15
4749 718 7
584 457 12
3746 553 9
2687 759 10
2549 334 3
1635 811 16
72 515 9
3306 585 12
120 635 4
2968 699 11
1832 472 13
4518 616 18
2266 441 1
4743 947 1
4927 537 17
4248 616 17
1981 16 16
2758 693 14
4040 918 13
1590 127 2
4810 329 11
913 604 14
3401 949 12
2861 868 9
1539 899 7
3536 651 3
4067 642 12
4659 512 20
288 412 13
3023 0 12
1031 441 15
4776 28 15
1072 721 15
459 8 6
2233 507 5
4535 714 15
3418 282 15
4581 266 8
3120 508 10
1086 846 18
3913 910 17
2193 831 2
2498 605 16
508 260 20
433 755 5
3390 273 1
4770 181 2
3068 333 2
1927 737 2
819 143 3
82 665 13
3880 287 5
3017 473 19
3531 46 1
4111 472 17
4376 10 15
182 784 9
2260 36 2
1211 211 20
1959 375 7
4087 160 8
2639 956 9
2259 986 15
